-1.0556830040e+02 -4.6265294649e+01 -6.8450951377e+01 1.0780243555e+01 -3.0183136907e+01 -1.2444313920e+01 9.4504148133e+01 -6.0906273767e+01 1.2589444159e+02 1.6478877487e+02
4.7108284723e+00 2.0429417180e+02 -2.6129101630e+02 -3.4727641851e+01 1.0173922610e+02 -1.6660409513e+02 2.4788385909e+01 3.5222677842e+02 -1.7183355455e+02 -2.4481383780e+02
1.4440571647e+01 -8.9984010882e+01 4.5984765529e+01 1.1897741169e+02 4.4253135695e+01 2.2995658158e+02 4.9239542159e+01 -1.9843049662e+02 4.7863573024e+00 1.2691881691e+02
-6.3604310373e+01 -8.8543543841e+01 -1.3518480842e+02 -1.5394037897e+01 1.3716754052e+02 9.8742596111e+01 2.1843984240e+01 -4.1610735869e+00 -1.9892367674e+01 7.1762028293e+01
8.9894328571e+01 9.4392398905e+01 -3.7389046218e+01 7.1748261251e+01 1.1648013303e+02 8.9203891991e+01 3.0251043509e+01 5.8637865563e+01 -1.6577039035e+02 -1.4842527363e+02
5.2301147895e+01 -8.0587306395e+01 -2.3340454629e+01 -2.2547971409e+01 -1.3114371930e+02 1.2840482659e+01 8.2527987029e+01 1.9901255846e+01 3.4761311765e+02 1.6451817682e+02
4.6664708303e+01 -4.0559618212e+01 1.1025575077e+02 -3.1606899229e+01 9.0978714155e+01 5.8007859172e+01 -4.6787077417e+01 -5.9352790263e+01 8.5695248030e+01 7.5440603493e+01
1.4028546639e+02 -1.0621917330e+02 -6.6653430638e+01 1.3978849213e+01 -5.4236945603e+01 1.6340503703e+02 -2.0078334252e+00 1.0172869968e+02 2.1758204926e+00 -5.3724712755e+00
-6.7067415596e+01 1.9394070500e+01 4.4817545639e+01 -1.0823817561e+01 -3.9231808619e+01 -1.3563949265e+02 4.5312376616e+01 -9.8537646672e+01 2.2369305963e+02 1.2464351251e+02
4.8286012854e+01 -4.6888948140e+01 -4.3611293936e+01 -9.7943886531e+00 8.5488370168e+01 2.2204800550e+02 -1.4328037340e+01 2.2305815180e+01 -6.2610699871e+01 2.8483185318e+00
